Order 1
    0   00   0 0
    1   01   0 1
    0   10   1 1
   -1   11   1 0

Order 2
    0   0000   00 00
    0   0001   01 00
    1   0010   01 01
    2   0011   00 01
    1   0100   00 10
    1   0101   00 11
    0   0110   01 11
   -1   0111   01 10
    0   1000   10 10
    1   1001   10 11
    0   1010   11 11
   -1   1011   11 10
   -1   1100   11 01
   -2   1101   10 01
   -1   1110   10 00
    0   1111   11 00

Order 3
    0   000000   000 000
    1   000001   000 001
    0   000010   001 001
   -1   000011   001 000
    0   000100   010 000
    0   000101   011 000
    1   000110   011 001
    2   000111   010 001
    1   001000   010 010
    0   001001   011 010
    1   001010   011 011
    2   001011   010 011
    2   001100   001 011
    3   001101   001 010
    2   001110   000 010
    1   001111   000 011
    1   010000   000 100
    0   010001   001 100
    1   010010   001 101
    2   010011   000 101
    1   010100   000 110
    1   010101   000 111
    0   010110   001 111
   -1   010111   001 110
    0   011000   010 110
    1   011001   010 111
    0   011010   011 111
   -1   011011   011 110
   -1   011100   011 101
   -2   011101   010 101
   -1   011110   010 100
    0   011111   011 100
    0   100000   100 100
    0   100001   101 100
    1   100010   101 101
    2   100011   100 101
    1   100100   100 110
    1   100101   100 111
    0   100110   101 111
   -1   100111   101 110
    0   101000   110 110
    1   101001   110 111
    0   101010   111 111
   -1   101011   111 110
   -1   101100   111 101
   -2   101101   110 101
   -1   101110   110 100
    0   101111   111 100
   -1   110000   111 011
   -1   110001   111 010
   -2   110010   110 010
   -3   110011   110 011
   -2   110100   101 011
   -2   110101   100 011
   -1   110110   100 010
    0   110111   101 010
   -1   111000   101 001
   -2   111001   100 001
   -1   111010   100 000
    0   111011   101 000
    0   111100   110 000
    1   111101   110 001
    0   111110   111 001
   -1   111111   111 000

Order 4
    0   00000000   0000 0000
    0   00000001   0001 0000
    1   00000010   0001 0001
    2   00000011   0000 0001
    1   00000100   0000 0010
    1   00000101   0000 0011
    0   00000110   0001 0011
   -1   00000111   0001 0010
    0   00001000   0010 0010
    1   00001001   0010 0011
    0   00001010   0011 0011
   -1   00001011   0011 0010
   -1   00001100   0011 0001
   -2   00001101   0010 0001
   -1   00001110   0010 0000
    0   00001111   0011 0000
    0   00010000   0100 0000
    1   00010001   0100 0001
    0   00010010   0101 0001
   -1   00010011   0101 0000
    0   00010100   0110 0000
    0   00010101   0111 0000
    1   00010110   0111 0001
    2   00010111   0110 0001
    1   00011000   0110 0010
    0   00011001   0111 0010
    1   00011010   0111 0011
    2   00011011   0110 0011
    2   00011100   0101 0011
    3   00011101   0101 0010
    2   00011110   0100 0010
    1   00011111   0100 0011
    1   00100000   0100 0100
    1   00100001   0100 0101
    0   00100010   0101 0101
   -1   00100011   0101 0100
    0   00100100   0110 0100
    0   00100101   0111 0100
    1   00100110   0111 0101
    2   00100111   0110 0101
    1   00101000   0110 0110
    0   00101001   0111 0110
    1   00101010   0111 0111
    2   00101011   0110 0111
    2   00101100   0101 0111
    3   00101101   0101 0110
    2   00101110   0100 0110
    1   00101111   0100 0111
    2   00110000   0011 0111
    2   00110001   0010 0111
    3   00110010   0010 0110
    4   00110011   0011 0110
    3   00110100   0011 0101
    3   00110101   0011 0100
    2   00110110   0010 0100
    1   00110111   0010 0101
    2   00111000   0001 0101
    3   00111001   0001 0100
    2   00111010   0000 0100
    1   00111011   0000 0101
    1   00111100   0000 0110
    0   00111101   0001 0110
    1   00111110   0001 0111
    2   00111111   0000 0111
    1   01000000   0000 1000
    1   01000001   0000 1001
    0   01000010   0001 1001
   -1   01000011   0001 1000
    0   01000100   0010 1000
    0   01000101   0011 1000
    1   01000110   0011 1001
    2   01000111   0010 1001
    1   01001000   0010 1010
    0   01001001   0011 1010
    1   01001010   0011 1011
    2   01001011   0010 1011
    2   01001100   0001 1011
    3   01001101   0001 1010
    2   01001110   0000 1010
    1   01001111   0000 1011
    1   01010000   0000 1100
    0   01010001   0001 1100
    1   01010010   0001 1101
    2   01010011   0000 1101
    1   01010100   0000 1110
    1   01010101   0000 1111
    0   01010110   0001 1111
   -1   01010111   0001 1110
    0   01011000   0010 1110
    1   01011001   0010 1111
    0   01011010   0011 1111
   -1   01011011   0011 1110
   -1   01011100   0011 1101
   -2   01011101   0010 1101
   -1   01011110   0010 1100
    0   01011111   0011 1100
    0   01100000   0100 1100
    0   01100001   0101 1100
    1   01100010   0101 1101
    2   01100011   0100 1101
    1   01100100   0100 1110
    1   01100101   0100 1111
    0   01100110   0101 1111
   -1   01100111   0101 1110
    0   01101000   0110 1110
    1   01101001   0110 1111
    0   01101010   0111 1111
   -1   01101011   0111 1110
   -1   01101100   0111 1101
   -2   01101101   0110 1101
   -1   01101110   0110 1100
    0   01101111   0111 1100
   -1   01110000   0111 1011
   -1   01110001   0111 1010
   -2   01110010   0110 1010
   -3   01110011   0110 1011
   -2   01110100   0101 1011
   -2   01110101   0100 1011
   -1   01110110   0100 1010
    0   01110111   0101 1010
   -1   01111000   0101 1001
   -2   01111001   0100 1001
   -1   01111010   0100 1000
    0   01111011   0101 1000
    0   01111100   0110 1000
    1   01111101   0110 1001
    0   01111110   0111 1001
   -1   01111111   0111 1000
    0   10000000   1000 1000
    1   10000001   1000 1001
    0   10000010   1001 1001
   -1   10000011   1001 1000
    0   10000100   1010 1000
    0   10000101   1011 1000
    1   10000110   1011 1001
    2   10000111   1010 1001
    1   10001000   1010 1010
    0   10001001   1011 1010
    1   10001010   1011 1011
    2   10001011   1010 1011
    2   10001100   1001 1011
    3   10001101   1001 1010
    2   10001110   1000 1010
    1   10001111   1000 1011
    1   10010000   1000 1100
    0   10010001   1001 1100
    1   10010010   1001 1101
    2   10010011   1000 1101
    1   10010100   1000 1110
    1   10010101   1000 1111
    0   10010110   1001 1111
   -1   10010111   1001 1110
    0   10011000   1010 1110
    1   10011001   1010 1111
    0   10011010   1011 1111
   -1   10011011   1011 1110
   -1   10011100   1011 1101
   -2   10011101   1010 1101
   -1   10011110   1010 1100
    0   10011111   1011 1100
    0   10100000   1100 1100
    0   10100001   1101 1100
    1   10100010   1101 1101
    2   10100011   1100 1101
    1   10100100   1100 1110
    1   10100101   1100 1111
    0   10100110   1101 1111
   -1   10100111   1101 1110
    0   10101000   1110 1110
    1   10101001   1110 1111
    0   10101010   1111 1111
   -1   10101011   1111 1110
   -1   10101100   1111 1101
   -2   10101101   1110 1101
   -1   10101110   1110 1100
    0   10101111   1111 1100
   -1   10110000   1111 1011
   -1   10110001   1111 1010
   -2   10110010   1110 1010
   -3   10110011   1110 1011
   -2   10110100   1101 1011
   -2   10110101   1100 1011
   -1   10110110   1100 1010
    0   10110111   1101 1010
   -1   10111000   1101 1001
   -2   10111001   1100 1001
   -1   10111010   1100 1000
    0   10111011   1101 1000
    0   10111100   1110 1000
    1   10111101   1110 1001
    0   10111110   1111 1001
   -1   10111111   1111 1000
   -1   11000000   1111 0111
   -2   11000001   1110 0111
   -1   11000010   1110 0110
    0   11000011   1111 0110
   -1   11000100   1111 0101
   -1   11000101   1111 0100
   -2   11000110   1110 0100
   -3   11000111   1110 0101
   -2   11001000   1101 0101
   -1   11001001   1101 0100
   -2   11001010   1100 0100
   -3   11001011   1100 0101
   -3   11001100   1100 0110
   -4   11001101   1101 0110
   -3   11001110   1101 0111
   -2   11001111   1100 0111
   -2   11010000   1011 0111
   -1   11010001   1011 0110
   -2   11010010   1010 0110
   -3   11010011   1010 0111
   -2   11010100   1001 0111
   -2   11010101   1000 0111
   -1   11010110   1000 0110
    0   11010111   1001 0110
   -1   11011000   1001 0101
   -2   11011001   1000 0101
   -1   11011010   1000 0100
    0   11011011   1001 0100
    0   11011100   1010 0100
    1   11011101   1010 0101
    0   11011110   1011 0101
   -1   11011111   1011 0100
   -1   11100000   1011 0011
   -1   11100001   1011 0010
   -2   11100010   1010 0010
   -3   11100011   1010 0011
   -2   11100100   1001 0011
   -2   11100101   1000 0011
   -1   11100110   1000 0010
    0   11100111   1001 0010
   -1   11101000   1001 0001
   -2   11101001   1000 0001
   -1   11101010   1000 0000
    0   11101011   1001 0000
    0   11101100   1010 0000
    1   11101101   1010 0001
    0   11101110   1011 0001
   -1   11101111   1011 0000
    0   11110000   1100 0000
    0   11110001   1101 0000
    1   11110010   1101 0001
    2   11110011   1100 0001
    1   11110100   1100 0010
    1   11110101   1100 0011
    0   11110110   1101 0011
   -1   11110111   1101 0010
    0   11111000   1110 0010
    1   11111001   1110 0011
    0   11111010   1111 0011
   -1   11111011   1111 0010
   -1   11111100   1111 0001
   -2   11111101   1110 0001
   -1   11111110   1110 0000
    0   11111111   1111 0000
